image_width: 640
image_height: 480
camera_name: cam1
camera_matrix:
  rows: 3
  cols: 3
  data: [435.769958496094, 0.0, 322.512481689453, 0.0, 434.640380859375, 240.046859741211, 0.0, 0.0, 1.0]
distortion_model: plumb_bob
distortion_coefficients:
  rows: 1
  cols: 5
  data: [0, 0, 0, 0, 0.0]
