image_width: 424
image_height: 240
camera_name: cam1
camera_matrix:
  rows: 3
  cols: 3
#   data: [391.351108945, 0.0, 329.166066519, 0.0, 390.748509835, 244.176384407, 0.0, 0.0, 1.0]
#   data: [382.1257019042969, 0.0, 320.2303771972656, 0.0, 382.1257019042969, 242.16827392578125, 0.0, 0.0, 1.0]
#   data: [384.388736, 0.000000, 322.876217, 0.000000, 384.675483, 243.056205, 0, 0, 1]
  # data: [382.1257 ,   0.     , 320.23038,   0.     , 382.1257 , 242.12828, 0.     ,   0.     ,   1.     ]
  data: [210.96522521972656, 0.0, 212.127197265625, 0.0, 210.96522521972656, 121.19707489013672, 0.0, 0.0, 1.0]
distortion_model: plumb_bob
distortion_coefficients:
  rows: 1
  cols: 5
  data: [0.016217, -0.009579, 0.000901, 0.003698, 0.000000]
