image_width: 424
image_height: 240
camera_name: cam2
camera_matrix:
  rows: 3
  cols: 3
#   data: [391.264660077, 0.0, 328.524505429, 0.0, 390.587456319, 244.345194454, 0.0, 0.0, 1.0]
#   data: [384.395556, 0.000000, 323.639335, 0.000000, 384.715954, 243.778318, 0, 0, 1]
#   data: [382.1257 ,   0.     , 320.23038,   0.     , 382.1257 , 242.12828,
           0.     ,   0.     ,   1]
    # data: [210.96522521972656, 0.0, 212.127197265625, 0.0, 210.96522521972656, 121.19707489013672, 0.0, 0.0, 1.0]
    data: [238.82855224609375, 0.0, 240.14398193359375, 0.0, 238.82855224609375, 136.3551788330078, 0.0, 0.0, 1.0]
distortion_model: plumb_bob
distortion_coefficients:
  rows: 1
  cols: 5
  data: [0.006236, -0.004139, 0.001870, 0.002057, 0.000000]
