image_width: 640
image_height: 480
# image_width: 480
# image_height: 270
camera_name: cam2
camera_matrix:
  rows: 3
  cols: 3
  data: [384.395556, 0, 323.639335, 0, 384.715954, 243.778318, 0, 0, 1] # 640x480 mode. By cameracalibrator.py
  # data: [240.275116, 0, 241.610159, 0, 240.372375, 137.471117, 0, 0, 1] # 480x270 mode. By cameracalibrator.py

distortion_model: plumb_bob
distortion_coefficients:
  rows: 1
  cols: 5
  data: [0.006236, -0.004139, 0.001870, 0.002057, 0.000000] # distortion of 640x480 mode. By cameracalibrator.py
  # data: [0.009111, -0.004636, 0.001722, 0.001327, 0.000000] # distortion of 480x270 mode. By cameracalibrator.py
