image_width: 640
image_height: 480
# image_width: 480
# image_height: 270
camera_name: cam1
camera_matrix:
  rows: 3
  cols: 3
  data: [384.388736, 0, 322.876217, 0, 384.675483, 243.056205, 0, 0, 0] # 640x480 mode. By cameracalibrator.py
  # data: [240.211670, 0, 241.163488, 0, 240.333061, 137.869398, 0, 0, 1] # 480x270 mode. By cameracalibrator.py

distortion_model: plumb_bob
distortion_coefficients:
  rows: 1
  cols: 5
  data: [0.016217, -0.009579, 0.000901, 0.003698, 0.000000] # distortion of 640x480 mode. By cameracalibrator.py
  # data: [0.011295, -0.006030, 0.002433, 0.001048, 0.000000] # distortion of 480x270 mode. By cameracalibrator.py
